[0, 0.6803087534347916, 1.2252779276555994, 1.3961894570580313, 3.126504917635666, 2.7518642771764745, 1.7417531397990933, 1.3360059880105328, 2.0181719451027957, 2.4130406130026074, 2.6009738560777578, 2.4387000635584526, 1.4078824524796096, 2.7265115074028206, 2.428282726537419, 1.6911918873977607, 2.518892613828545, 1.8536000107898143, 2.351166731646227, 0.9441911882664443, 0.6373460598450422, 1.1878808862844794, 0.9571509807757604, 2.0916452854152876, 1.417526013870645, 1.7533351077304076, 2.035599420318251, 2.0916452854152876, 2.682691186103984, 3.251119807081861, 2.267567860065052, 1.5781004404029548, 1.6720780484175968, 0.9982755130724184, 1.8709441466810282, 1.12953972927029][0.6803087534347916, 0, 0.810393731466378, 1.405868059243114, 2.7939765568093087, 2.3773878522445595, 1.5737560166684033, 1.1295397292702898, 1.6736552811137662, 2.3730033712576137, 1.9493704111840828, 2.3178856744887137, 0.7301294405788608, 3.110132633827696, 2.898256889925391, 2.0575154920437417, 2.7213673033973196, 2.404629077425456, 2.2897347007895914, 0.47609767905336403, 0.6572929331736345, 1.3442905191959065, 0.8163981871611425, 2.341782227279044, 1.9290619482017677, 2.399930832336632, 2.4159356365598814, 2.341782227279044, 2.9297952146865147, 3.407741774254616, 2.564503070772191, 0.9152185531336217, 2.2468789464499417, 1.4136513007103273, 1.2352894397670533, 1.3009411977487682][1.2252779276555994, 0.810393731466378, 0, 0.8768563166220564, 1.985231724509761, 1.5749606344286833, 0.8390148985566347, 0.4436056807571337, 0.8633353925329368, 1.6745772600868556, 1.56259047738043, 1.568744721106656, 0.806005583107214, 2.793612893727404, 2.7158646873509733, 1.8126279265199463, 2.2180446343570277, 2.3923363057898026, 1.580167396195732, 0.3350596961736818, 0.6732191322296182, 1.0066662803531268, 0.43916739405379357, 1.9213313092748996, 1.9059281203655085, 2.597380603608181, 2.1469720538469987, 1.9213313092748996, 2.461094471977864, 2.8265940635330002, 2.1779921946600265, 1.1890067283241081, 2.2924975463454698, 1.3659882869190352, 1.5428240340362864, 0.997558018362842][1.3961894570580313, 1.405868059243114, 0.8768563166220564, 0, 1.8992640680010768, 1.6223748025656708, 0.47935477467111975, 0.45624664382327235, 0.9765884496552271, 1.0184154358610242, 2.3116163176444315, 1.0546757795645068, 1.6712348727812019, 1.9270313956965, 1.901462594951581, 1.0082286447031745, 1.3544832963163482, 1.7092606588814943, 0.9550130889155395, 1.0395085377234763, 0.8084658310652343, 0.3211603960640228, 0.5936808907148687, 1.0449674636083173, 1.2692615963622313, 2.082954872290804, 1.3096640790676055, 1.0449674636083173, 1.589729851264044, 2.008018177208563, 1.3036276308823773, 2.0437778744276494, 1.667971822303962, 0.8421264750617926, 2.4021159422475846, 0.36716345134013545][3.126504917635666, 2.7939765568093087, 1.985231724509761, 1.8992640680010768, 0, 0.44460319387066927, 1.436296974862789, 1.7927925144868269, 1.1243669329894044, 1.321448447726963, 2.053802814293524, 1.0544007776931879, 2.506915634799065, 3.097323037721445, 3.3515327836677953, 2.656610057949792, 2.228373622173804, 3.4401209281070337, 1.2685527186522443, 2.3202090423063177, 2.491737747035189, 2.2183570497104386, 2.1699578336917056, 2.3228768800778052, 3.0860669143749946, 3.926844662066479, 2.7916045565230045, 2.3228768800778052, 2.4664113606614775, 2.309072757623718, 2.5353826141235567, 2.8446300286680515, 3.4606823026680735, 2.7360930174246634, 3.105392889796716, 2.266407068467622][2.7518642771764745, 2.3773878522445595, 1.5749606344286833, 1.6223748025656708, 0.44460319387066927, 0, 1.1433009227670552, 1.4362969748627894, 0.7338426261808454, 1.2937797339578327, 1.6632816959252572, 1.0082286447031743, 2.063775666103271, 3.069348139263449, 3.258481241314732, 2.4869477276372334, 2.2205596141513517, 3.2599398767461953, 1.2132707859336267, 1.9080026205432736, 2.1253444426727635, 1.9427660692939848, 1.8037607934535, 2.228373622173804, 2.8660504182585482, 3.6969253441204355, 2.6727618674322633, 2.228373622173804, 2.476600290721133, 2.440579644264862, 2.4664113606614775, 2.4000283331660897, 3.255197997050256, 2.4633767474748964, 2.662477981129609, 1.9843137352747422][1.7417531397990933, 1.5737560166684033, 0.8390148985566347, 0.47935477467111975, 1.436296974862789, 1.1433009227670552, 0, 0.4446031938706693, 0.5254807322823549, 0.8366510622714824, 1.9972593722398704, 0.744307732057111, 1.6228028222800206, 2.2130822397732985, 2.2744179475197606, 1.41877482357138, 1.4961938377095398, 2.1607417707815064, 0.741218591240128, 1.1226776028762664, 1.1078853731320764, 0.7994654464077856, 0.803423922969686, 1.309664079067606, 1.7386535019951501, 2.5600781238079438, 1.6727357830811174, 1.309664079067606, 1.757200045526974, 2.0267856324732523, 1.5745627964612907, 2.010324600655327, 2.13439851011942, 1.3201765033509725, 2.355162839380751, 0.8416864024088783][1.3360059880105328, 1.1295397292702898, 0.4436056807571337, 0.45624664382327235, 1.7927925144868269, 1.4362969748627894, 0.4446031938706693, 0, 0.7098859063257983, 1.2574215681305931, 1.868402793832208, 1.188377886027841, 1.2496067381380433, 2.383003357110518, 2.347634767164603, 1.446975466274394, 1.7768837891094624, 2.101205606312719, 1.1686269721343934, 0.6862892975997804, 0.699446924362385, 0.66772823813285, 0.3792228896045174, 1.4961938377095394, 1.6330450085652874, 2.3988814059890498, 1.761286177768962, 1.4961938377095394, 2.0227703774773844, 2.3845242712121846, 1.757200045526974, 1.631902264230306, 2.0320268206891363, 1.130650255384042, 1.9863534428696221, 0.6803087534347915][2.0181719451027957, 1.6736552811137662, 0.8633353925329368, 0.9765884496552271, 1.1243669329894044, 0.7338426261808454, 0.5254807322823549, 0.7098859063257983, 0, 1.1272218060346417, 1.5462823157496175, 0.9099736259914349, 1.4824226792652628, 2.710372114673555, 2.796058833429654, 1.9441028779362475, 1.9438338406355622, 2.679933021551099, 1.0230488746878128, 1.198264161193182, 1.3920416660430823, 1.282713140183728, 1.0709883286012039, 1.8125258618844589, 2.2458250154453263, 3.0528429373290726, 2.1945133856962458, 1.8125258618844589, 2.2093207100826264, 2.3759903198456005, 2.074302292338318, 1.8554204375289174, 2.6444925789270046, 1.7924128988600816, 2.166863632072863, 1.3151433381954987][2.4130406130026074, 2.3730033712576137, 1.6745772600868556, 1.0184154358610242, 1.321448447726963, 1.2937797339578327, 0.8366510622714824, 1.2574215681305931, 1.1272218060346417, 0, 2.6658019431308095, 0.28561687625208715, 2.4572610768902847, 1.786689676468748, 2.0322268574152837, 1.4075386317966552, 0.927871219512708, 2.1819555449183654, 0.10440306508910549, 1.9436306233438492, 1.8211372820301055, 1.2544520716233043, 1.5639773016255702, 1.0104558377286956, 1.8992695964501722, 2.7306382037904617, 1.487027235796305, 1.0104558377286956, 1.182839380473951, 1.2490640495987386, 1.214107491122594, 2.844820205215085, 2.2366045694310825, 1.6932315258109272, 3.1864822296695774, 1.313962328227107][2.6009738560777578, 1.9493704111840828, 1.56259047738043, 2.3116163176444315, 2.053802814293524, 1.6632816959252572, 1.9972593722398704, 1.868402793832208, 1.5462823157496175, 2.6658019431308095, 0, 2.4238021783965786, 1.2464637981104787, 4.2049209267238306, 4.212883335674037, 3.3148401168080492, 3.4810695195586083, 3.947435876616617, 2.5626548733686323, 1.7016697681982837, 2.200250213043962, 2.5286537920403416, 2.001685539738947, 3.301315041010173, 3.464581504308998, 4.152908017281384, 3.6202555158441507, 3.301315041010173, 3.7453609972871775, 3.9134666218073204, 3.566992710954145, 1.3303240206806763, 3.854101711164354, 2.9279468915948597, 1.392080816619495, 2.5317418904777798][2.4387000635584526, 2.3178856744887137, 1.568744721106656, 1.0546757795645068, 1.0544007776931879, 1.0082286447031743, 0.744307732057111, 1.188377886027841, 0.9099736259914349, 0.28561687625208715, 2.4238021783965786, 0, 2.3194665334942863, 2.0694175509065347, 2.298457091180951, 1.622374802565671, 1.2132707859336267, 2.4049284812650873, 0.21498139454380705, 1.8652487769731951, 1.8202351496441331, 1.3360033682592272, 1.5339217711474078, 1.2685527186522443, 2.08631397445351, 2.926095350462797, 1.7379922324337356, 1.2685527186522443, 1.4683739305776304, 1.495107354005056, 1.4859993270523375, 2.704816629644235, 2.4427494754886347, 1.8173882359033802, 3.0360372197982026, 1.3930807586066218][1.4078824524796096, 0.7301294405788608, 0.806005583107214, 1.6712348727812019, 2.506915634799065, 2.063775666103271, 1.6228028222800206, 1.2496067381380433, 1.4824226792652628, 2.4572610768902847, 1.2464637981104787, 2.3194665334942863, 0, 3.558733482574946, 3.429001312335707, 2.539697816670322, 3.021119163488921, 3.015305291342819, 2.3588285228053354, 0.682002932545015, 1.1786097742679722, 1.7455572176242176, 1.1340639311784853, 2.708161922780837, 2.5262305912168825, 3.0879328036730334, 2.889069400343301, 2.708161922780837, 3.2606743167633288, 3.6310275405179735, 2.9586904197634465, 0.3875796692294371, 2.879850690574079, 1.982726657913289, 0.7370189956846431, 1.7217226838257085][2.7265115074028206, 3.110132633827696, 2.793612893727404, 1.9270313956965, 3.097323037721445, 3.069348139263449, 2.2130822397732985, 2.383003357110518, 2.710372114673555, 1.786689676468748, 4.2049209267238306, 2.0694175509065347, 3.558733482574946, 0, 0.5213616786838097, 1.0541940049156036, 0.8701293007363905, 1.1637121637243466, 1.8582787734890585, 2.885076082185702, 2.4582898527228227, 1.8141449776685434, 2.42516824158655, 0.9039076280240143, 1.369512687053318, 1.7871466084236067, 0.6970007173597457, 0.9039076280240143, 0.6579855621516325, 1.2085979480373115, 0.6385460046073423, 3.908351314812935, 1.3614771389927927, 1.7347694371299027, 4.265722095964527, 1.8421218743611942][2.428282726537419, 2.898256889925391, 2.7158646873509733, 1.901462594951581, 3.3515327836677953, 3.258481241314732, 2.2744179475197606, 2.347634767164603, 2.796058833429654, 2.0322268574152837, 4.212883335674037, 2.298457091180951, 3.429001312335707, 0.5213616786838097, 0, 0.9039076280240143, 1.2037628503986986, 0.6869556026411022, 2.0836280858157004, 2.7470045504148697, 2.2723003762707075, 1.7091986426392924, 2.3071309022246655, 1.0326708091158576, 1.013313870427125, 1.2799597649926344, 0.601694274528186, 1.0326708091158576, 1.069200168350155, 1.6960510015916381, 0.8218424423209111, 3.7524546632837548, 0.8967463409459779, 1.4848855174726434, 4.102734332125345, 1.7209941894149439][1.6911918873977607, 2.0575154920437417, 1.8126279265199463, 1.0082286447031745, 2.656610057949792, 2.4869477276372334, 1.41877482357138, 1.446975466274394, 1.9441028779362475, 1.4075386317966552, 3.3148401168080492, 1.622374802565671, 2.539697816670322, 1.0541940049156036, 0.9039076280240143, 0, 0.9550130889155395, 0.78379142633739, 1.4221550548375517, 1.8589085507361574, 1.4092792484103354, 0.8062214336024565, 1.410001418439003, 0.5213616786838097, 0.5345745972266172, 1.330324020680676, 0.35842014452315585, 0.5213616786838097, 1.0421602563905419, 1.6874057010689516, 0.6006146851351538, 2.875623236795808, 0.8301355311032048, 0.6929184656220385, 3.2303526123319726, 0.8211370165812768][2.518892613828545, 2.7213673033973196, 2.2180446343570277, 1.3544832963163482, 2.228373622173804, 2.2205596141513517, 1.4961938377095398, 1.7768837891094624, 1.9438338406355622, 0.927871219512708, 3.4810695195586083, 1.2132707859336267, 3.021119163488921, 0.8701293007363905, 1.2037628503986986, 0.9550130889155395, 0, 1.5649207647673413, 1.0082286447031745, 2.3918973640187824, 2.0742907221505864, 1.382616722016626, 1.9357071059434585, 0.4446031938706694, 1.4795945390545344, 2.196204908472795, 0.8042045759631065, 0.4446031938706694, 0.2656990779058144, 0.7429347212238769, 0.42794859504384397, 3.397115393977661, 1.6922485042097095, 1.5645325180385357, 3.7548523273226078, 1.4318044559226655][1.8536000107898143, 2.404629077425456, 2.3923363057898026, 1.7092606588814943, 3.4401209281070337, 3.2599398767461953, 2.1607417707815064, 2.101205606312719, 2.679933021551099, 2.1819555449183654, 3.947435876616617, 2.4049284812650873, 3.015305291342819, 1.1637121637243466, 0.6869556026411022, 0.78379142633739, 1.5649207647673413, 0, 2.202310150728094, 2.346659327640039, 1.8368856796218975, 1.4341617760908287, 1.956150556577893, 1.2141618508254985, 0.49064956944850163, 0.6457592430619944, 0.7615773105863909, 1.2141618508254985, 1.5343483958997055, 2.20896559502406, 1.1376770191930572, 3.3009404720473223, 0.2119292334719304, 1.0375880685512917, 3.636914214000655, 1.4221198964925568][2.351166731646227, 2.2897347007895914, 1.580167396195732, 0.9550130889155395, 1.2685527186522443, 1.2132707859336267, 0.741218591240128, 1.1686269721343934, 1.0230488746878128, 0.10440306508910549, 2.5626548733686323, 0.21498139454380705, 2.3588285228053354, 1.8582787734890585, 2.0836280858157004, 1.4221550548375517, 1.0082286447031745, 2.202310150728094, 0, 1.854766831706886, 1.7504802198254055, 1.207778953285741, 1.4850134679523954, 1.054400777693188, 1.8995802167847506, 2.7360930174246634, 1.5255982433130946, 1.054400777693188, 1.2671578433644326, 1.3530339980946524, 1.2711400394921086, 2.746299692313277, 2.247367348699362, 1.664557899263345, 3.08672139980271, 1.266711095712041][0.9441911882664443, 0.47609767905336403, 0.3350596961736818, 1.0395085377234763, 2.3202090423063177, 1.9080026205432736, 1.1226776028762664, 0.6862892975997804, 1.198264161193182, 1.9436306233438492, 1.7016697681982837, 1.8652487769731951, 0.682002932545015, 2.885076082185702, 2.7470045504148697, 1.8589085507361574, 2.3918973640187824, 2.346659327640039, 1.854766831706886, 0, 0.5170038684574807, 1.0711909260257948, 0.4634921790062913, 2.052002192981284, 1.8561715976708617, 2.4692519110046263, 2.209961538126852, 2.052002192981284, 2.620311622689179, 3.0417187575448192, 2.2957449771261613, 1.0240244137714685, 2.2212329909309374, 1.3098614430541882, 1.3824735078836052, 1.043833799031244][0.6373460598450422, 0.6572929331736345, 0.6732191322296182, 0.8084658310652343, 2.491737747035189, 2.1253444426727635, 1.1078853731320764, 0.699446924362385, 1.3920416660430823, 1.8211372820301055, 2.200250213043962, 1.8202351496441331, 1.1786097742679722, 2.4582898527228227, 2.2723003762707075, 1.4092792484103354, 2.0742907221505864, 1.8368856796218975, 1.7504802198254055, 0.5170038684574807, 0, 0.6920960915942237, 0.3222483514310042, 1.68625324313995, 1.34762086656448, 1.9566527540675172, 1.767116577931405, 1.68625324313995, 2.276362449171924, 2.775112610327732, 1.9072141987726494, 1.4814874282288053, 1.7060284288369874, 0.805225434272912, 1.8304387452192987, 0.6458869870186269][1.1878808862844794, 1.3442905191959065, 1.0066662803531268, 0.3211603960640228, 2.2183570497104386, 1.9427660692939848, 0.7994654464077856, 0.66772823813285, 1.282713140183728, 1.2544520716233043, 2.5286537920403416, 1.3360033682592272, 1.7455572176242176, 1.8141449776685434, 1.7091986426392924, 0.8062214336024565, 1.382616722016626, 1.4341617760908287, 1.207778953285741, 1.0711909260257948, 0.6920960915942237, 0, 0.6114940719254766, 0.9986475854874932, 0.9729691670345982, 1.7702386844716729, 1.1464466843250931, 0.9986475854874932, 1.5855538464523997, 2.090941653896636, 1.2306587666774247, 2.0950236275517278, 1.3732363234345353, 0.521003838757451, 2.4530513651368984, 0.05977457653551385][0.9571509807757604, 0.8163981871611425, 0.43916739405379357, 0.5936808907148687, 2.1699578336917056, 1.8037607934535, 0.803423922969686, 0.3792228896045174, 1.0709883286012039, 1.5639773016255702, 2.001685539738947, 1.5339217711474078, 1.1340639311784853, 2.42516824158655, 2.3071309022246655, 1.410001418439003, 1.9357071059434585, 1.956150556577893, 1.4850134679523954, 0.4634921790062913, 0.3222483514310042, 0.6114940719254766, 0, 1.5887838115993, 1.4683739305776304, 2.1634440136042343, 1.756201867667837, 1.5887838115993, 2.159946758603091, 2.6014753506424, 1.8323520404114488, 1.4867457751747606, 1.8535072160636439, 0.9269649400058235, 1.8455053508456702, 0.5892452799980666][2.0916452854152876, 2.341782227279044, 1.9213313092748996, 1.0449674636083173, 2.3228768800778052, 2.228373622173804, 1.309664079067606, 1.4961938377095394, 1.8125258618844589, 1.0104558377286956, 3.301315041010173, 1.2685527186522443, 2.708161922780837, 0.9039076280240143, 1.0326708091158576, 0.5213616786838097, 0.4446031938706694, 1.2141618508254985, 1.054400777693188, 2.052002192981284, 1.68625324313995, 0.9986475854874932, 1.5887838115993, 0, 1.054548244510416, 1.81738823590338, 0.4793547746711197, 0.0, 0.5944711935830028, 1.1870130580579135, 0.26569907790581426, 3.0726283537063184, 1.3100125953592965, 1.1234847573509843, 3.43171618873123, 1.0408650248711406][1.417526013870645, 1.9290619482017677, 1.9059281203655085, 1.2692615963622313, 3.0860669143749946, 2.8660504182585482, 1.7386535019951501, 1.6330450085652874, 2.2458250154453263, 1.8992695964501722, 3.464581504308998, 2.08631397445351, 2.5262305912168825, 1.369512687053318, 1.013313870427125, 0.5345745972266172, 1.4795945390545344, 0.49064956944850163, 1.8995802167847506, 1.8561715976708617, 1.34762086656448, 0.9729691670345982, 1.4683739305776304, 1.054548244510416, 0, 0.8416864024088782, 0.7437909652583848, 1.054548244510416, 1.5339217711474076, 2.1986250248735, 1.0911736800344847, 2.817316631122601, 0.4002811511925086, 0.546957036703981, 3.156776203660944, 0.9532596708137819][1.7533351077304076, 2.399930832336632, 2.597380603608181, 2.082954872290804, 3.926844662066479, 3.6969253441204355, 2.5600781238079438, 2.3988814059890498, 3.0528429373290726, 2.7306382037904617, 4.152908017281384, 2.926095350462797, 3.0879328036730334, 1.7871466084236067, 1.2799597649926344, 1.330324020680676, 2.196204908472795, 0.6457592430619944, 2.7360930174246634, 2.4692519110046263, 1.9566527540675172, 1.7702386844716729, 2.1634440136042343, 1.81738823590338, 0.8416864024088782, 0, 1.3930703499823691, 1.81738823590338, 2.17860322225044, 2.854039242897686, 1.7722212051547064, 3.3148401168080484, 0.5074416222581668, 1.268552718652244, 3.6214571652858187, 1.7386535019951501][2.035599420318251, 2.4159356365598814, 2.1469720538469987, 1.3096640790676055, 2.7916045565230045, 2.6727618674322633, 1.6727357830811174, 1.761286177768962, 2.1945133856962458, 1.487027235796305, 3.6202555158441507, 1.7379922324337356, 2.889069400343301, 0.6970007173597457, 0.601694274528186, 0.35842014452315585, 0.8042045759631065, 0.7615773105863909, 1.5255982433130946, 2.209961538126852, 1.767116577931405, 1.1464466843250931, 1.756201867667837, 0.4793547746711197, 0.7437909652583848, 1.3930703499823691, 0, 0.4793547746711197, 0.8036970822393222, 1.478621317308796, 0.37925848705071846, 3.2295064638424242, 0.8919921524318474, 1.0399870191497584, 3.5851205000669086, 1.1673975329766635][2.0916452854152876, 2.341782227279044, 1.9213313092748996, 1.0449674636083173, 2.3228768800778052, 2.228373622173804, 1.309664079067606, 1.4961938377095394, 1.8125258618844589, 1.0104558377286956, 3.301315041010173, 1.2685527186522443, 2.708161922780837, 0.9039076280240143, 1.0326708091158576, 0.5213616786838097, 0.4446031938706694, 1.2141618508254985, 1.054400777693188, 2.052002192981284, 1.68625324313995, 0.9986475854874932, 1.5887838115993, 0.0, 1.054548244510416, 1.81738823590338, 0.4793547746711197, 0, 0.5944711935830028, 1.1870130580579135, 0.26569907790581426, 3.0726283537063184, 1.3100125953592965, 1.1234847573509843, 3.43171618873123, 1.0408650248711406][2.682691186103984, 2.9297952146865147, 2.461094471977864, 1.589729851264044, 2.4664113606614775, 2.476600290721133, 1.757200045526974, 2.0227703774773844, 2.2093207100826264, 1.182839380473951, 3.7453609972871775, 1.4683739305776304, 3.2606743167633288, 0.6579855621516325, 1.069200168350155, 1.0421602563905419, 0.2656990779058144, 1.5343483958997055, 1.2671578433644326, 2.620311622689179, 2.276362449171924, 1.5855538464523997, 2.159946758603091, 0.5944711935830028, 1.5339217711474076, 2.17860322225044, 0.8036970822393222, 0.5944711935830028, 0, 0.6767244638698973, 0.4446031938706694, 3.6330737674866995, 1.687629402445928, 1.7026831766362172, 3.9916412664466736, 1.6304907236779975][3.251119807081861, 3.407741774254616, 2.8265940635330002, 2.008018177208563, 2.309072757623718, 2.440579644264862, 2.0267856324732523, 2.3845242712121846, 2.3759903198456005, 1.2490640495987386, 3.9134666218073204, 1.495107354005056, 3.6310275405179735, 1.2085979480373115, 1.6960510015916381, 1.6874057010689516, 0.7429347212238769, 2.20896559502406, 1.3530339980946524, 3.0417187575448192, 2.775112610327732, 2.090941653896636, 2.6014753506424, 1.1870130580579135, 2.1986250248735, 2.854039242897686, 1.478621317308796, 1.1870130580579135, 0.6767244638698973, 0, 1.1089977457145708, 4.015557869088677, 2.3643504393384664, 2.3069412649653653, 4.367886903297749, 2.1440149253211835][2.267567860065052, 2.564503070772191, 2.1779921946600265, 1.3036276308823773, 2.5353826141235567, 2.4664113606614775, 1.5745627964612907, 1.757200045526974, 2.074302292338318, 1.214107491122594, 3.566992710954145, 1.4859993270523375, 2.9586904197634465, 0.6385460046073423, 0.8218424423209111, 0.6006146851351538, 0.42794859504384397, 1.1376770191930572, 1.2711400394921086, 2.2957449771261613, 1.9072141987726494, 1.2306587666774247, 1.8323520404114488, 0.26569907790581426, 1.0911736800344847, 1.7722212051547064, 0.37925848705071846, 0.26569907790581426, 0.4446031938706694, 1.1089977457145708, 0, 3.318847540939475, 1.270981117090258, 1.2761104967830958, 3.6777482241175785, 1.2675598605194154][1.5781004404029548, 0.9152185531336217, 1.1890067283241081, 2.0437778744276494, 2.8446300286680515, 2.4000283331660897, 2.010324600655327, 1.631902264230306, 1.8554204375289174, 2.844820205215085, 1.3303240206806763, 2.704816629644235, 0.3875796692294371, 3.908351314812935, 3.7524546632837548, 2.875623236795808, 3.397115393977661, 3.3009404720473223, 2.746299692313277, 1.0240244137714685, 1.4814874282288053, 2.0950236275517278, 1.4867457751747606, 3.0726283537063184, 2.817316631122601, 3.3148401168080484, 3.2295064638424242, 3.0726283537063184, 3.6330737674866995, 4.015557869088677, 3.318847540939475, 0, 3.151785842978548, 2.2832531616095486, 0.3590891254271009, 2.066312899829065][1.6720780484175968, 2.2468789464499417, 2.2924975463454698, 1.667971822303962, 3.4606823026680735, 3.255197997050256, 2.13439851011942, 2.0320268206891363, 2.6444925789270046, 2.2366045694310825, 3.854101711164354, 2.4427494754886347, 2.879850690574079, 1.3614771389927927, 0.8967463409459779, 0.8301355311032048, 1.6922485042097095, 0.2119292334719304, 2.247367348699362, 2.2212329909309374, 1.7060284288369874, 1.3732363234345353, 1.8535072160636439, 1.3100125953592965, 0.4002811511925086, 0.5074416222581668, 0.8919921524318474, 1.3100125953592965, 1.687629402445928, 2.3643504393384664, 1.270981117090258, 3.151785842978548, 0, 0.9265424976761724, 3.4819208779063318, 1.3528787824487454][0.9982755130724184, 1.4136513007103273, 1.3659882869190352, 0.8421264750617926, 2.7360930174246634, 2.4633767474748964, 1.3201765033509725, 1.130650255384042, 1.7924128988600816, 1.6932315258109272, 2.9279468915948597, 1.8173882359033802, 1.982726657913289, 1.7347694371299027, 1.4848855174726434, 0.6929184656220385, 1.5645325180385357, 1.0375880685512917, 1.664557899263345, 1.3098614430541882, 0.805225434272912, 0.521003838757451, 0.9269649400058235, 1.1234847573509843, 0.546957036703981, 1.268552718652244, 1.0399870191497584, 1.1234847573509843, 1.7026831766362172, 2.3069412649653653, 1.2761104967830958, 2.2832531616095486, 0.9265424976761724, 0, 2.6279060104958094, 0.47987706759127385][1.8709441466810282, 1.2352894397670533, 1.5428240340362864, 2.4021159422475846, 3.105392889796716, 2.662477981129609, 2.355162839380751, 1.9863534428696221, 2.166863632072863, 3.1864822296695774, 1.392080816619495, 3.0360372197982026, 0.7370189956846431, 4.265722095964527, 4.102734332125345, 3.2303526123319726, 3.7548523273226078, 3.636914214000655, 3.08672139980271, 1.3824735078836052, 1.8304387452192987, 2.4530513651368984, 1.8455053508456702, 3.43171618873123, 3.156776203660944, 3.6214571652858187, 3.5851205000669086, 3.43171618873123, 3.9916412664466736, 4.367886903297749, 3.6777482241175785, 0.3590891254271009, 3.4819208779063318, 2.6279060104958094, 0, 2.423604753254953][1.12953972927029, 1.3009411977487682, 0.997558018362842, 0.36716345134013545, 2.266407068467622, 1.9843137352747422, 0.8416864024088783, 0.6803087534347915, 1.3151433381954987, 1.313962328227107, 2.5317418904777798, 1.3930807586066218, 1.7217226838257085, 1.8421218743611942, 1.7209941894149439, 0.8211370165812768, 1.4318044559226655, 1.4221198964925568, 1.266711095712041, 1.043833799031244, 0.6458869870186269, 0.05977457653551385, 0.5892452799980666, 1.0408650248711406, 0.9532596708137819, 1.7386535019951501, 1.1673975329766635, 1.0408650248711406, 1.6304907236779975, 2.1440149253211835, 1.2675598605194154, 2.066312899829065, 1.3528787824487454, 0.47987706759127385, 2.423604753254953, 0]